4690700
4556492
4658538
4374873
4256426
4240601
5811984
5677776
6864768
7649144
6462144
7512824
5711450
5427785
6799964
7584340
6212161
7280194
5040794
5024969
6125212
7175892
6075713
7143746
5149448
5015240
5117286
4833621
4715174
4699349
6729480
6595272
8011638
9042797
7610038
8775405
6399572
6115907
7979604
9010763
7147066
8460858
5729940
5714115
7043732
8209099
6879546
8193338
8448784
8314576
9501568
10285944
9098944
10149624
8907532
8773324
10189690
11220849
9788090
10953457
11803756
12588132
12295274
13326433
14651482
14897241
11129516
12180196
11358890
12524257
14379866
14625625
8013894
7730229
9102408
9886784
8514605
9582638
8505412
8221747
10085444
11116603
9252906
10566698
11739208
12523584
12230726
0
14586934
14832693
10577955
11645988
10823714
12137506
14012452
14258211
7071366
7055541
8155784
9206464
8106285
9174318
7300740
7284915
8614532
9779899
8450346
9764138
10522248
11572928
10751622
11916989
13772598
14018357
10306083
11374116
10551842
11865634
13740580
13986339
